exp_0924 R-A v2 bridge ladder, GMM rho_c=0.7, 4x4, first pass, n=1000, data seed 20260923 (paired with exp_0923), M=32, nu_1=10  (30 s)

[Tp3  SNR 6 dB]  chi = 4.98   v1 regression max|se - se(exp_0923)| = 0.0e+00
  method            NFE  nJ    NMSE vs exact  w_true  P_map    KL/N  KL med  KL 99%   KLc/N  covErr  clip%
  exact               0   0  0.2178    +0.0%   0.842  0.893 -0.0000  0.0000   0.000  0.0045   0.000   37.4
  D13+D14             1   1  0.2362    +8.4%   0.650  0.688  0.1202  0.0244   0.663  0.1202   0.306   42.9
  PS-M32              0   0  0.2225    +2.2%   0.843  0.891  0.0222  0.0200   0.059  0.0272   0.230   37.1
  RA-M32-L24-K4     123   0  0.2310    +6.0%   0.800  0.884  0.0354  0.0294   0.121  0.0581   0.367   58.6
  PSinit-K16         16   0  0.2221    +2.0%   0.841  0.886  0.0216  0.0198   0.055  0.0266   0.233   38.3
  PSinit-K128       128   0  0.2232    +2.5%   0.840  0.890  0.0224  0.0200   0.059  0.0277   0.239   38.4
  RA2X-L6             5   0  0.2239    +2.8%   0.841  0.884  0.0230  0.0209   0.056  0.0285   0.230   37.7
  RA2X-L12           11   0  0.2248    +3.2%   0.838  0.883  0.0233  0.0212   0.057  0.0293   0.233   39.0
  RA2X-L24           23   0  0.2263    +3.9%   0.837  0.885  0.0234  0.0209   0.061  0.0293   0.231   38.6
  RA2J-L6             5   5  0.2530   +16.2%   0.745  0.891  0.0815  0.0751   0.221  0.1453   0.514   77.1
  RA2J-L12           11  11  0.2503   +14.9%   0.748  0.882  0.0713  0.0646   0.213  0.1305   0.478   75.2
  RA2J-L24           23  23  0.2472   +13.5%   0.749  0.885  0.0673  0.0628   0.185  0.1261   0.477   76.8
  RA2S-L12           11   0  0.2633   +20.9%   0.723  0.877  0.1101  0.1056   0.265  0.2112   0.606   83.3
  RA2S-L24           23   0  0.2608   +19.7%   0.726  0.886  0.1053  0.0991   0.266  0.2084   0.602   83.2
  RA2J-L12-K8        19  11  0.2461   +13.0%   0.775  0.885  0.0575  0.0534   0.171  0.0978   0.427   69.5
  RA2J-L12-M128      11  11  0.2462   +13.0%   0.746  0.889  0.0522  0.0481   0.153  0.1078   0.411   79.9

[Tp3  SNR 12 dB]  chi = 16.85   v1 regression max|se - se(exp_0923)| = 0.0e+00
  method            NFE  nJ    NMSE vs exact  w_true  P_map    KL/N  KL med  KL 99%   KLc/N  covErr  clip%
  exact               0   0  0.1762    +0.0%   0.919  0.952 -0.0000  0.0000   0.000  0.0028   0.000   22.9
  D13+D14             1   1  0.1943   +10.3%   0.706  0.754  0.0857  0.0076   0.632  0.0857   0.259   38.4
  PS-M32              0   0  0.1822    +3.4%   0.918  0.951  0.0262  0.0249   0.058  0.0298   0.237   25.1
  RA-M32-L24-K4     123   0  0.1966   +11.6%   0.867  0.940  0.0435  0.0377   0.131  0.0833   0.404   54.9
  PSinit-K16         16   0  0.1825    +3.6%   0.919  0.950  0.0263  0.0243   0.061  0.0300   0.239   23.5
  PSinit-K128       128   0  0.1810    +2.7%   0.920  0.950  0.0262  0.0245   0.060  0.0295   0.242   24.0
  RA2X-L6             5   0  0.1859    +5.5%   0.920  0.950  0.0282  0.0260   0.066  0.0323   0.237   24.3
  RA2X-L12           11   0  0.1836    +4.2%   0.918  0.951  0.0281  0.0257   0.063  0.0321   0.241   24.9
  RA2X-L24           23   0  0.1845    +4.7%   0.918  0.951  0.0279  0.0260   0.063  0.0326   0.241   25.4
  RA2J-L6             5   5  0.2227   +26.4%   0.829  0.944  0.0823  0.0768   0.221  0.1659   0.515   69.6
  RA2J-L12           11  11  0.2197   +24.7%   0.834  0.946  0.0703  0.0648   0.191  0.1450   0.493   68.2
  RA2J-L24           23  23  0.2144   +21.7%   0.838  0.943  0.0667  0.0589   0.185  0.1368   0.478   65.4
  RA2S-L12           11   0  0.2370   +34.5%   0.805  0.946  0.1166  0.1166   0.254  0.2660   0.660   76.8
  RA2S-L24           23   0  0.2340   +32.8%   0.806  0.937  0.1101  0.1054   0.260  0.2520   0.636   78.6
  RA2J-L12-K8        19  11  0.2141   +21.5%   0.842  0.937  0.0671  0.0596   0.185  0.1354   0.483   63.3
  RA2J-L12-M128      11  11  0.2136   +21.2%   0.834  0.948  0.0497  0.0474   0.152  0.1163   0.412   75.1

[Tp3  SNR 18 dB]  chi = 64.10   v1 regression max|se - se(exp_0923)| = 0.0e+00
  method            NFE  nJ    NMSE vs exact  w_true  P_map    KL/N  KL med  KL 99%   KLc/N  covErr  clip%
  exact               0   0  0.1647    +0.0%   0.923  0.946  0.0000  0.0000   0.000  0.0030   0.000   23.5
  D13+D14             1   1  0.1834   +11.4%   0.711  0.764  0.0805  0.0070   0.633  0.0805   0.265   39.8
  PS-M32              0   0  0.1704    +3.5%   0.922  0.943  0.0291  0.0268   0.070  0.0331   0.243   23.7
  RA-M32-L24-K4     123   0  0.1908   +15.9%   0.862  0.935  0.0520  0.0427   0.159  0.1102   0.471   58.4
  PSinit-K16         16   0  0.1701    +3.3%   0.922  0.944  0.0284  0.0268   0.062  0.0321   0.244   24.2
  PSinit-K128       128   0  0.1702    +3.4%   0.923  0.944  0.0281  0.0264   0.061  0.0317   0.244   23.8
  RA2X-L6             5   0  0.1739    +5.6%   0.922  0.944  0.0301  0.0276   0.067  0.0343   0.243   23.4
  RA2X-L12           11   0  0.1724    +4.7%   0.922  0.945  0.0307  0.0285   0.073  0.0354   0.241   24.3
  RA2X-L24           23   0  0.1725    +4.8%   0.922  0.945  0.0301  0.0278   0.067  0.0342   0.250   24.0
  RA2J-L6             5   5  0.2129   +29.3%   0.835  0.936  0.0857  0.0802   0.216  0.1760   0.534   69.3
  RA2J-L12           11  11  0.2038   +23.8%   0.845  0.939  0.0726  0.0631   0.199  0.1541   0.502   65.8
  RA2J-L24           23  23  0.2042   +24.0%   0.845  0.944  0.0694  0.0602   0.196  0.1514   0.508   65.9
  RA2S-L12           11   0  0.2227   +35.3%   0.814  0.937  0.1193  0.1136   0.276  0.2777   0.663   76.4
  RA2S-L24           23   0  0.2193   +33.1%   0.815  0.942  0.1089  0.1035   0.260  0.2592   0.668   75.1
  RA2J-L12-K8        19  11  0.2048   +24.3%   0.847  0.946  0.0721  0.0648   0.196  0.1474   0.494   65.6
  RA2J-L12-M128      11  11  0.2024   +22.9%   0.843  0.940  0.0508  0.0456   0.150  0.1155   0.411   72.0

[Tp2  SNR 6 dB]  chi = 8.96   v1 regression max|se - se(exp_0923)| = 0.0e+00
  method            NFE  nJ    NMSE vs exact  w_true  P_map    KL/N  KL med  KL 99%   KLc/N  covErr  clip%
  exact               0   0  0.4295    +0.0%   0.672  0.757 -0.0000  0.0000   0.000  0.0049   0.000   47.3
  D13+D14             1   1  0.4924   +14.7%   0.397  0.425  0.3817  0.2706   1.263  0.3817   0.514   24.9
  PS-M32              0   0  0.4415    +2.8%   0.674  0.748  0.0896  0.0831   0.194  0.0952   0.327   52.0
  RA-M32-L24-K4     123   0  0.4744   +10.5%   0.557  0.729  0.1484  0.1436   0.336  0.2211   0.548   85.7
  PSinit-K16         16   0  0.4396    +2.3%   0.674  0.757  0.0881  0.0826   0.199  0.0939   0.331   52.7
  PSinit-K128       128   0  0.4418    +2.9%   0.672  0.748  0.0866  0.0833   0.177  0.0927   0.333   52.5
  RA2X-L6             5   0  0.4515    +5.1%   0.665  0.746  0.0942  0.0886   0.203  0.1018   0.321   53.1
  RA2X-L12           11   0  0.4513    +5.1%   0.661  0.742  0.0951  0.0905   0.205  0.1027   0.326   54.1
  RA2X-L24           23   0  0.4502    +4.8%   0.662  0.752  0.0942  0.0886   0.216  0.1016   0.329   55.0
  RA2J-L6             5   5  0.5123   +19.3%   0.462  0.707  0.2589  0.2496   0.589  0.4345   0.642   95.5
  RA2J-L12           11  11  0.5121   +19.2%   0.466  0.723  0.2393  0.2290   0.553  0.4024   0.643   95.0
  RA2J-L24           23  23  0.5068   +18.0%   0.471  0.716  0.2274  0.2189   0.516  0.3839   0.642   95.4
  RA2S-L12           11   0  0.5324   +24.0%   0.430  0.712  0.3293  0.3091   0.731  0.5866   0.721   97.2
  RA2S-L24           23   0  0.5280   +22.9%   0.427  0.699  0.3243  0.3051   0.734  0.5923   0.726   97.4
  RA2J-L12-K8        19  11  0.5017   +16.8%   0.499  0.722  0.2102  0.1977   0.479  0.3230   0.608   92.6
  RA2J-L12-M128      11  11  0.5012   +16.7%   0.465  0.739  0.1528  0.1487   0.310  0.3316   0.528   96.5

[Tp2  SNR 12 dB]  chi = 32.70   v1 regression max|se - se(exp_0923)| = 0.0e+00
  method            NFE  nJ    NMSE vs exact  w_true  P_map    KL/N  KL med  KL 99%   KLc/N  covErr  clip%
  exact               0   0  0.3919    +0.0%   0.756  0.830 -0.0000  0.0000   0.000  0.0072   0.000   44.9
  D13+D14             1   1  0.4601   +17.4%   0.397  0.414  0.3796  0.2336   1.383  0.3796   0.511   24.0
  PS-M32              0   0  0.4052    +3.4%   0.756  0.826  0.1135  0.1073   0.227  0.1218   0.338   47.4
  RA-M32-L24-K4     123   0  0.4457   +13.7%   0.581  0.794  0.1904  0.1816   0.420  0.3735   0.615   89.6
  PSinit-K16         16   0  0.4072    +3.9%   0.756  0.829  0.1107  0.1050   0.197  0.1187   0.330   47.0
  PSinit-K128       128   0  0.4068    +3.8%   0.755  0.827  0.1101  0.1054   0.210  0.1191   0.335   48.4
  RA2X-L6             5   0  0.4113    +4.9%   0.751  0.830  0.1180  0.1095   0.242  0.1289   0.327   48.1
  RA2X-L12           11   0  0.4116    +5.0%   0.748  0.832  0.1191  0.1131   0.235  0.1291   0.332   50.7
  RA2X-L24           23   0  0.4095    +4.5%   0.744  0.826  0.1172  0.1091   0.220  0.1281   0.332   49.7
  RA2J-L6             5   5  0.4793   +22.3%   0.514  0.786  0.2825  0.2664   0.643  0.5491   0.664   94.1
  RA2J-L12           11  11  0.4732   +20.7%   0.513  0.766  0.2602  0.2461   0.584  0.5127   0.658   94.0
  RA2J-L24           23  23  0.4686   +19.6%   0.524  0.781  0.2479  0.2321   0.563  0.4924   0.661   92.9
  RA2S-L12           11   0  0.4952   +26.4%   0.474  0.765  0.3560  0.3385   0.823  0.7619   0.749   96.6
  RA2S-L24           23   0  0.4930   +25.8%   0.470  0.770  0.3430  0.3303   0.751  0.7613   0.763   96.7
  RA2J-L12-K8        19  11  0.4716   +20.3%   0.528  0.784  0.2503  0.2386   0.590  0.4679   0.644   92.9
  RA2J-L12-M128      11  11  0.4638   +18.3%   0.514  0.787  0.1591  0.1566   0.343  0.4280   0.551   95.8

[Tp2  SNR 18 dB]  chi = 127.19   v1 regression max|se - se(exp_0923)| = 0.0e+00
  method            NFE  nJ    NMSE vs exact  w_true  P_map    KL/N  KL med  KL 99%   KLc/N  covErr  clip%
  exact               0   0  0.3925    +0.0%   0.773  0.841  0.0000  0.0000   0.000  0.0075   0.000   40.5
  D13+D14             1   1  0.4518   +15.1%   0.422  0.452  0.3576  0.1819   1.431  0.3576   0.500   24.9
  PS-M32              0   0  0.4007    +2.1%   0.774  0.839  0.1261  0.1196   0.245  0.1350   0.337   44.5
  RA-M32-L24-K4     123   0  0.4459   +13.6%   0.588  0.796  0.2102  0.1947   0.478  0.4521   0.654   92.1
  PSinit-K16         16   0  0.4057    +3.4%   0.771  0.837  0.1294  0.1233   0.250  0.1382   0.335   46.2
  PSinit-K128       128   0  0.4056    +3.4%   0.775  0.838  0.1275  0.1225   0.244  0.1357   0.338   43.0
  RA2X-L6             5   0  0.4078    +3.9%   0.766  0.830  0.1356  0.1278   0.265  0.1476   0.332   44.7
  RA2X-L12           11   0  0.4068    +3.6%   0.764  0.830  0.1327  0.1268   0.267  0.1440   0.336   44.9
  RA2X-L24           23   0  0.4102    +4.5%   0.762  0.832  0.1324  0.1254   0.283  0.1436   0.335   46.1
  RA2J-L6             5   5  0.4770   +21.5%   0.538  0.805  0.2931  0.2668   0.693  0.6053   0.681   95.2
  RA2J-L12           11  11  0.4697   +19.7%   0.538  0.796  0.2680  0.2500   0.627  0.5474   0.667   94.5
  RA2J-L24           23  23  0.4666   +18.9%   0.547  0.784  0.2506  0.2311   0.590  0.5335   0.667   93.3
  RA2S-L12           11   0  0.4909   +25.1%   0.499  0.797  0.3574  0.3410   0.742  0.8278   0.760   97.2
  RA2S-L24           23   0  0.4908   +25.1%   0.497  0.786  0.3481  0.3321   0.801  0.8289   0.760   96.8
  RA2J-L12-K8        19  11  0.4656   +18.6%   0.544  0.784  0.2619  0.2464   0.610  0.5469   0.670   94.1
  RA2J-L12-M128      11  11  0.4610   +17.4%   0.542  0.805  0.1574  0.1560   0.332  0.4598   0.553   97.3

[aniso  SNR 6 dB]  chi = 2.51   v1 regression max|se - se(exp_0923)| = 0.0e+00
  method            NFE  nJ    NMSE vs exact  w_true  P_map    KL/N  KL med  KL 99%   KLc/N  covErr  clip%
  exact               0   0  0.1485    +0.0%   0.838  0.893 -0.0000  0.0000   0.000  0.0040   0.000   37.2
  D13+D14             1   1  0.1516    +2.1%   0.795  0.857  0.0157  0.0015   0.115  0.0157   0.078   43.7
  PS-M32              0   0  0.1516    +2.1%   0.838  0.892  0.0568  0.0552   0.100  0.0650   0.347   78.7
  RA-M32-L24-K4      58   0  0.1522    +2.5%   0.820  0.887  0.0584  0.0553   0.116  0.0711   0.364   82.1
  PSinit-K16         16   0  0.1520    +2.3%   0.837  0.891  0.0557  0.0534   0.102  0.0642   0.351   79.4
  PSinit-K128       128   0  0.1520    +2.4%   0.838  0.894  0.0556  0.0540   0.098  0.0648   0.357   81.9
  RA2X-L6             5   0  0.1533    +3.3%   0.837  0.886  0.0606  0.0590   0.101  0.0822   0.441   92.4
  RA2X-L12           11   0  0.1534    +3.3%   0.835  0.895  0.0600  0.0588   0.102  0.0810   0.442   93.3
  RA2X-L24           23   0  0.1531    +3.1%   0.833  0.892  0.0608  0.0587   0.105  0.0824   0.445   92.8
  RA2J-L6             5   5  0.1664   +12.1%   0.722  0.872  0.1022  0.0975   0.218  0.2107   0.598   97.9
  RA2J-L12           11  11  0.1642   +10.6%   0.727  0.868  0.0970  0.0919   0.218  0.1981   0.602   96.9
  RA2J-L24           23  23  0.1637   +10.2%   0.730  0.865  0.0942  0.0869   0.214  0.1892   0.597   97.0
  RA2S-L12           11   0  0.1706   +14.9%   0.711  0.871  0.1263  0.1185   0.267  0.2524   0.613   97.8
  RA2S-L24           23   0  0.1686   +13.5%   0.715  0.873  0.1175  0.1146   0.244  0.2406   0.611   98.2
  RA2J-L12-K8        19  11  0.1593    +7.3%   0.766  0.881  0.0770  0.0726   0.175  0.1344   0.471   92.4
  RA2J-L12-M128      11  11  0.1606    +8.2%   0.728  0.887  0.0564  0.0502   0.158  0.1492   0.426   95.3

[aniso  SNR 12 dB]  chi = 2.86   v1 regression max|se - se(exp_0923)| = 0.0e+00
  method            NFE  nJ    NMSE vs exact  w_true  P_map    KL/N  KL med  KL 99%   KLc/N  covErr  clip%
  exact               0   0  0.0580    +0.0%   0.934  0.949 -0.0000  0.0000   0.000  0.0016   0.000   20.0
  D13+D14             1   1  0.0582    +0.3%   0.923  0.941  0.0024  0.0000   0.033  0.0024   0.020   21.1
  PS-M32              0   0  0.0594    +2.4%   0.934  0.949  0.0735  0.0718   0.119  0.1376   0.404   99.1
  RA-M32-L24-K4      48   0  0.0594    +2.3%   0.929  0.948  0.0732  0.0719   0.110  0.1365   0.409   99.5
  PSinit-K16         16   0  0.0593    +2.1%   0.934  0.950  0.0718  0.0699   0.119  0.1354   0.409   99.0
  PSinit-K128       128   0  0.0596    +2.6%   0.933  0.947  0.0726  0.0708   0.119  0.1392   0.413   99.0
  RA2X-L6             5   0  0.0598    +3.1%   0.933  0.950  0.0710  0.0697   0.105  0.2164   0.521   99.9
  RA2X-L12           11   0  0.0597    +2.9%   0.933  0.948  0.0713  0.0697   0.105  0.2220   0.520  100.0
  RA2X-L24           23   0  0.0599    +3.2%   0.932  0.952  0.0714  0.0700   0.108  0.2213   0.520  100.0
  RA2J-L6             5   5  0.0607    +4.6%   0.899  0.949  0.0780  0.0751   0.135  0.2742   0.566  100.0
  RA2J-L12           11  11  0.0603    +4.0%   0.901  0.946  0.0768  0.0736   0.134  0.2693   0.565  100.0
  RA2J-L24           23  23  0.0604    +4.1%   0.900  0.943  0.0763  0.0723   0.131  0.2658   0.567  100.0
  RA2S-L12           11   0  0.0614    +5.8%   0.899  0.944  0.0921  0.0886   0.161  0.3056   0.551  100.0
  RA2S-L24           23   0  0.0611    +5.3%   0.899  0.949  0.0889  0.0856   0.152  0.2914   0.544  100.0
  RA2J-L12-K8        19  11  0.0600    +3.4%   0.911  0.949  0.0738  0.0720   0.123  0.2166   0.492   99.8
  RA2J-L12-M128      11  11  0.0590    +1.7%   0.902  0.945  0.0276  0.0241   0.068  0.1493   0.348  100.0

[aniso  SNR 18 dB]  chi = 2.98   v1 regression max|se - se(exp_0923)| = 0.0e+00
  method            NFE  nJ    NMSE vs exact  w_true  P_map    KL/N  KL med  KL 99%   KLc/N  covErr  clip%
  exact               0   0  0.0190    +0.0%   0.964  0.979  0.0000  0.0000   0.000  0.0006   0.000   13.6
  D13+D14             1   1  0.0190    +0.1%   0.962  0.979  0.0006  0.0000   0.012  0.0006   0.005   13.8
  PS-M32              0   0  0.0194    +2.3%   0.964  0.979  0.0839  0.0820   0.137  0.5019   0.436  100.0
  RA-M32-L24-K4      38   0  0.0194    +2.2%   0.963  0.978  0.0842  0.0824   0.135  0.4960   0.440  100.0
  PSinit-K16         16   0  0.0195    +3.0%   0.964  0.979  0.0832  0.0813   0.134  0.5272   0.441  100.0
  PSinit-K128       128   0  0.0194    +2.6%   0.964  0.982  0.0831  0.0815   0.135  0.5340   0.446  100.0
  RA2X-L6             5   0  0.0195    +2.9%   0.963  0.978  0.0768  0.0749   0.118  0.9024   0.565  100.0
  RA2X-L12           11   0  0.0195    +3.1%   0.962  0.978  0.0772  0.0759   0.116  0.8956   0.567  100.0
  RA2X-L24           23   0  0.0196    +3.4%   0.963  0.981  0.0780  0.0764   0.125  0.9054   0.569  100.0
  RA2J-L6             5   5  0.0196    +3.4%   0.956  0.981  0.0781  0.0765   0.122  0.9289   0.573  100.0
  RA2J-L12           11  11  0.0196    +3.4%   0.957  0.978  0.0774  0.0757   0.123  0.9412   0.573  100.0
  RA2J-L24           23  23  0.0195    +2.8%   0.957  0.981  0.0773  0.0757   0.122  0.9483   0.571  100.0
  RA2S-L12           11   0  0.0197    +3.7%   0.955  0.978  0.0826  0.0807   0.136  0.9480   0.548  100.0
  RA2S-L24           23   0  0.0197    +3.9%   0.957  0.982  0.0817  0.0800   0.123  0.9478   0.542  100.0
  RA2J-L12-K8        19  11  0.0194    +2.4%   0.960  0.979  0.0776  0.0755   0.124  0.7234   0.509  100.0
  RA2J-L12-M128      11  11  0.0191    +0.9%   0.957  0.978  0.0219  0.0217   0.033  0.5389   0.334  100.0

read: PSinit ~ PS -> final-level corrector is unbiased.  RA2X -> PS as L grows = discretisation only;  RA2J - RA2X = Gaussian-guidance loss;  RA2S - RA2J = value of the Jacobian in the bridge.
